[gd_scene load_steps=2 format=3 uid="uid://b0f0w10f1ohfu"]

[ext_resource type="PackedScene" uid="uid://bexl4chppxgd1" path="res://assets/models/bird.glb" id="1_66ihq"]

[node name="bird" instance=ExtResource("1_66ihq")]

[node name="Skeleton3D" parent="Armature" index="0"]
bones/0/rotation = Quaternion(-0.707107, 1.74455e-17, 1.74455e-16, 0.707107)
bones/1/rotation = Quaternion(0.212631, -0.212631, -0.67438, 0.67438)
bones/3/rotation = Quaternion(0.212631, 0.212631, 0.67438, 0.67438)
bones/6/rotation = Quaternion(0.0871557, -3.11378e-25, -1.93525e-17, 0.996195)

[node name="wingL" parent="Armature/Skeleton3D" index="0"]
transform = Transform3D(0.819152, -0.573576, 5.96046e-08, 0.573576, 0.819152, 1.32349e-23, -5.96046e-08, 1.55662e-16, 1, 0.307305, -0.407585, 4.78467e-08)

[node name="wingR" parent="Armature/Skeleton3D" index="1"]
transform = Transform3D(0.819152, 0.573576, -5.96046e-08, -0.573576, 0.819152, -1.32349e-23, 5.96046e-08, -1.55662e-16, 1, -0.307305, -0.407585, 4.78467e-08)

[node name="body_2" parent="Armature/Skeleton3D" index="2"]
transform = Transform3D(1, -2.38228e-22, 3.44107e-22, 2.38228e-22, 1, -6.02603e-32, -3.44107e-22, -6.02603e-32, 1, -7.61006e-23, -2.98023e-08, 2.98023e-08)

[node name="Cone" parent="Armature/Skeleton3D" index="3"]
transform = Transform3D(1, 3.85577e-17, -3.37336e-18, -3.85577e-17, 0.984808, -0.173648, -3.37336e-18, 0.173648, 0.984808, -1.80982e-17, 0.0683729, -0.0815068)

[node name="head_2" parent="Armature/Skeleton3D" index="4"]
transform = Transform3D(1, 3.85577e-17, -3.37336e-18, -3.85577e-17, 0.984808, -0.173648, -3.37336e-18, 0.173648, 0.984808, -1.80982e-17, 0.0683729, -0.0815068)
